Church_Yard
20 15
1 3 1 5 1 7 1 9 1 11 1 13
20 3 20 5 20 7 20 9 20 11 20 13
11 11 12 11 12  11 12 11 13 13  13 13 11 12 11  12 11 12 11 11
11 11 11 11 11  11 13 11 11 11  11 11 11 13 11  11 11 11 11 11
11 11 12 11 12  11 11 11 11 11  11 11 11 11 11  12 11 12 11 11
11 11 11 11 11  13 11 11 11 11  11 11 11 11 13  11 11 11 11 11
11 11 12 11 12  13 11 11 11 13  13 11 11 11 13  12 11 12 11 11
11 11 11 11 11  11 11 11 11 11  11 11 11 11 11  11 11 11 11 11
11 11 12 11 12  11 11 13 11 11  11 11 13 11 11  12 11 12 11 11
11 11 11 11 11  11 11 13 11 13  13 11 13 11 11  11 11 11 11 11
11 11 12 11 12  11 11 13 11 11  11 11 13 11 11  12 11 12 11 11
11 11 11 11 11  11 11 11 11 11  11 11 11 11 11  11 11 11 11 11
11 11 12 11 12  13 11 11 11 13  13 11 11 11 13  12 11 12 11 11
11 11 11 11 11  13 11 11 11 11  11 11 11 11 13  11 11 11 11 11
11 11 12 11 12  11 11 11 11 11  11 11 11 11 11  12 11 12 11 11
11 11 11 11 11  11 13 11 11 11  11 11 11 13 11  11 11 11 11 11
11 11 12 11 12  11 12 11 13 13  13 13 11 12 11  12 11 12 11 11

//11:墓地地板->唯一可以走的地方
//12:墓碑1
//13:砸坏的墓碑1
//14:砸坏的墓碑2
