Einzbern_Castle
20 18
4 10 2 9 4 12 4 14 2 14 4 16
17 10 19 9 17 12 17 14 19 14 17 16
31 31 31 31 31  31 31 31 35 35  35 35 31 31 31  31 31 31 31 31
31 31 31 31 31  31 31 31 31 31  31 31 31 31 31  31 31 31 31 31
31 31 34 34 34  34 34 33 36 36  36 36 33 34 34  34 34 34 31 31
31 31 34 31 31  31 34 33 36 36  36 36 33 34 31  31 31 34 31 31
31 31 34 31 31  31 34 33 36 36  36 36 33 34 31  31 31 34 31 31
31 31 34 31 31  31 34 33 36 36  36 36 33 34 31  31 31 34 31 31
31 31 34 31 31  31 34 33 36 36  36 36 33 34 31  31 31 34 31 31
31 31 34 31 31  31 31 31 32 32  32 32 31 31 31  31 31 34 31 31
31 31 34 31 31  31 31 31 32 32  32 32 31 31 31  31 31 34 31 31
31 31 34 31 31  31 31 35 35 32  32 35 35 31 31  31 31 34 31 31
31 31 34 31 31  31 31 31 35 32  32 35 31 31 31  31 31 34 31 31
31 31 34 31 31  31 31 31 32 32  32 32 31 31 31  31 31 34 31 31
31 31 34 31 31  31 31 31 32 32  32 32 31 31 31  31 31 34 31 31
31 31 34 31 31  31 31 31 32 32  32 32 31 31 31  31 31 34 31 31
31 31 34 31 31  31 31 31 32 32  32 32 31 31 31  31 31 34 31 31
31 31 34 31 31  31 31 31 32 32  32 32 31 31 31  31 31 34 31 31
31 31 34 31 31  31 31 31 32 32  32 32 31 31 31  31 31 34 31 31
31 31 34 31 31  31 31 31 32 32  32 32 31 31 31  31 31 34 31 31
//31:城堡地面->可以走
//32:地毯->可以走
//33:向上的楼梯->可以走
//34:扶手/护栏->不能走
//35:落石->不能走
//36:向上的楼梯上的地毯->可以走