Fuyuki_Bridge
25 15
1 3 1 5 1 7 1 9 1 11 1 13
25 3 25 5 25 7 25 9 25 11 25 13
23 23 23 23 23  23 23 23 23 23  23 23 23 23 23  23 23 23 23 23  23 23 23 23 23
23 23 23 23 23  23 23 23 23 23  23 23 23 23 23  23 23 23 23 23  23 23 23 23 23
21 21 22 22 22  21 22 22 22 21  21 22 22 22 21  21 22 22 22 21  21 22 22 22 21
21 21 21 21 21  21 21 21 21 21  21 21 21 21 21  21 21 21 21 21  21 21 21 21 21
21 21 21 21 21  21 21 21 21 21  21 21 21 21 21  21 21 21 21 21  21 21 21 21 21
21 21 21 21 21  21 21 21 21 21  21 21 24 24 21  21 24 21 21 21  21 21 21 21 21
21 21 21 24 24  21 21 21 21 21  21 21 21 21 24  21 21 21 21 21  21 21 21 21 21
21 21 21 24 24  21 21 21 21 21  21 21 21 21 21  21 21 21 21 21  24 24 21 21 21
21 21 21 21 21  21 21 21 21 21  21 21 21 21 21  21 21 21 21 21  24 24 21 21 21
21 21 21 21 21  21 21 21 24 21  21 21 21 21 21  21 21 21 21 21  21 21 21 21 21
21 21 21 21 21  21 21 21 21 21  24 21 21 21 21  21 21 21 21 21  21 21 21 21 21
21 21 21 21 21  21 21 21 21 21  21 24 24 21 21  21 21 21 21 21  21 21 21 21 21
21 21 22 22 22  21 22 22 22 21  21 22 22 22 21  21 22 22 22 21  21 22 22 22 21
23 23 23 23 23  23 23 23 23 23  23 23 23 23 23  23 23 23 23 23  23 23 23 23 23
23 23 23 23 23  23 23 23 23 23  23 23 23 23 23  23 23 23 23 23  23 23 23 23 23

//21:大桥地板->能走
//22:人行道护栏->不能走
//23:人行道地砖->能走
//24:碎石->不能走