Liyudou_Temple
25 15
3 8	10 15	2 6	20 8	10 5	1 15
22 8	15 5	23 6	5 8	15 15	25 15
43 43 43 43 42 41 41 44 44 44 44 44 44 44 44 44 44 44 41 41 42 43 43 43 43 
43 43 43 43 42 41 41 44 44 44 44 44 44 44 44 44 44 44 41 41 42 43 43 43 43
46 46 46 46 42 41 41 41 41 41 41 41 41 41 41 41 41 41 41 41 42 46 46 46 46
46 46 43 46 42 41 41 41 41 41 41 41 41 41 41 41 41 41 41 41 42 46 43 46 46
46 46 46 46 42 41 41 41 41 41 41 41 41 41 41 41 41 41 41 41 42 46 46 46 46
43 46 43 46 42 41 41 41 41 41 41 41 41 41 41 41 41 41 41 41 42 46 43 46 43
45 45 45 45 45 41 41 41 41 41 41 41 41 41 41 41 41 41 41 41 45 45 45 45 45
45 45 45 45 45 41 41 41 41 41 41 41 41 41 41 41 41 41 41 41 45 45 45 45 45
45 45 45 45 45 41 41 41 41 41 41 41 41 41 41 41 41 41 41 41 45 45 45 45 45
43 46 43 43 42 41 41 41 41 41 41 41 41 41 41 41 41 41 41 41 42 43 43 46 43
46 46 46 46 42 41 41 41 41 41 41 41 41 41 41 41 41 41 41 41 42 46 46 46 46
46 43 43 46 42 41 41 41 41 41 41 41 41 41 41 41 41 41 41 41 42 46 43 43 46
46 46 43 46 42 41 41 41 41 41 41 41 41 41 41 41 41 41 41 41 42 46 43 46 46
43 46 46 46 42 41 41 41 41 41 41 41 41 41 41 41 41 41 41 41 42 46 46 46 43
46 46 46 43 42 41 41 41 41 41 41 41 41 41 41 41 41 41 41 41 42 43 46 46 46
//4:寺庙瓦片->不能走
//2:围墙->不能走
//3:树木->不能走
//1:地板->能走
//5:台阶->能走
//6:地面->能走
